1
226
100
7900
0
600
7900
0
1100
7900
0
1600
7900
0
2100
7900
0
2600
7900
0
3100
7900
0
3600
7900
0
4100
7900
0
4600
7900
0
5100
7900
0
5600
7900
0
6100
7900
0
6600
7900
0
7100
7900
0
7600
7900
0
8100
7900
0
8600
7900
0
9100
7900
0
9600
7900
0
10100
7900
0
10600
7900
-60
10900
7100
90
10900
6600
90
10900
6100
90
10900
5600
90
800
7100
0
1300
7100
0
1300
7100
0
1800
7100
0
2300
7100
0
2800
7100
0
3300
7100
0
3800
7100
0
4300
7100
0
4800
7100
0
5300
7100
0
5800
7100
0
6300
7100
0
6800
7100
0
7300
7100
0
7800
7100
0
8300
7100
0
8800
7100
0
9200
6200
0
10000
4800
0
10500
4800
0
900
2500
0
1400
2500
0
1900
2500
0
2400
2500
0
2900
2500
0
3400
2500
0
3900
2500
0
8900
2400
0
9400
2400
0
0
1400
0
500
1400
0
1000
1400
0
1500
1400
0
2000
1400
0
7900
1500
0
8400
1500
0
8900
700
0
9400
700
0
1100
700
0
1600
700
0
2100
700
0
2600
700
0
5700
700
0
6200
700
0
0
0
0
500
0
0
1000
0
0
1500
0
0
2000
0
0
2500
0
0
3000
0
0
3500
0
0
4000
0
0
4500
0
0
5000
0
0
5500
0
0
6000
0
0
6500
0
0
7000
0
0
7500
0
0
8000
0
0
8500
0
0
9000
0
0
9500
0
0
10000
0
0
10500
0
0
100
0
90
9000
4100
0
9500
4100
0
100
500
90
100
1000
90
100
1500
90
100
2000
90
100
2500
90
100
3000
90
100
3500
90
100
4000
90
100
4500
90
100
6500
90
100
7000
90
100
7500
90
100
8000
90
100
8500
90
1000
2500
90
1000
3000
90
1000
3500
90
2200
2600
90
2200
3100
90
2200
3600
90
2200
4100
90
2200
4600
90
2200
5100
90
2200
5600
90
2200
6100
90
2200
6600
90
3800
1600
90
3800
2100
90
4400
0
90
4400
2500
90
4400
3000
90
4400
3500
90
4400
4000
90
4400
4500
90
4400
5000
90
4400
5500
90
5700
700
90
5500
2500
90
5500
3000
90
5500
3500
90
5500
4000
90
5500
4500
90
5500
5900
90
5500
6400
90
5500
6600
90
6800
700
90
6800
1200
90
6800
1700
90
6800
2200
90
6800
2700
90
6800
3200
90
6800
3700
90
6800
4200
90
6800
4700
90
6800
5200
90
6800
5700
90
6800
6200
90
6800
6700
90
7900
0
90
7900
500
90
7900
1000
90
7900
1500
90
7900
2000
90
7900
2500
90
7900
3000
90
7900
3500
90
7900
4000
90
7900
4500
90
7900
5000
90
7900
5500
90
9000
2500
90
9000
3000
90
9000
2500
90
9000
3000
90
9000
3500
90
9000
4000
90
9000
4500
90
9000
5000
90
9000
5500
90
10000
700
90
10000
1200
90
10000
1700
90
10000
2200
90
10000
2700
90
10000
3200
90
10000
3700
90
10000
4850
90
9700
6300
90
11000
0
90
11000
500
90
11000
1000
90
11000
1500
90
11000
2000
90
11000
2500
90
11000
3000
90
11000
3500
90
11000
4000
90
11000
4500
90
11000
5000
90
100
4700
45
450
5050
45
800
5400
45
3100
700
0
4500
500
90
4500
1000
0
5000
1000
90
4900
1500
0
5700
1100
0
6200
1100
90
8900
5800
45
10000
5300
0
10500
5300
45
8900
6000
90
8900
6500
90
5500
2000
90
4400
5900
0
4900
5900
0
5400
5900
0
5900
5900
0
6200
5900
0
4400
2500
0
0
5800
0
500
5800
0
1000
5800
0
100
6000
90
9600
6800
135
6200
1500
0
5500
1500
90
3700
700
90
3700
1200
90









